0 Rack Winder  2 x  4 x  2 Axle
0 Name: u9068.dat
0 Author: Magnus Forsberg [MagFors]
0 !LDRAW_ORG Part UPDATE 2026-04
0 !LICENSE Licensed under CC BY 4.0 : see CAreadme.txt

0 !HELP ratched, 8-stepped, 22.5 deg

0 BFC CERTIFY CCW

0 !KEYWORDS BrickLink 200, Brickowl 90637, Rebrickable 200

0 !HISTORY 1998-10-15 [PTadmin] Official Update 1998-09
0 !HISTORY 2007-05-04 [PTadmin] Header formatted for Contributor Agreement
0 !HISTORY 2008-07-01 [PTadmin] Official Update 2008-01
0 !HISTORY 2008-07-07 [Philo] BFCed, used tooth8.dat, added missing lines (2007-10-14)
0 !HISTORY 2012-11-04 [PTadmin] Renamed from 200 to allow origin correction
0 !HISTORY 2012-11-05 [Philo] Simplified, changed origin, used noclip to prevent BFC errors
0 !HISTORY 2012-12-28 [PTadmin] Official Update 2012-03
0 !HISTORY 2013-01-11 [MMR1988] Complete rework
0 !HISTORY 2013-07-21 [PTadmin] Official Update 2013-01
0 !HISTORY 2021-12-31 [MagFors] Reshaped axlehole
0 !HISTORY 2022-03-06 [PTadmin] Official Update 2022-02
0 !HISTORY 2024-03-23 [OrionP] Updated ring primitives
0 !HISTORY 2024-03-24 [OrionP] Official Update 2024-02
0 !HISTORY 2025-12-10 [MagFors] Complete rework, again, original by John Van Zwieten
0 !HISTORY 2025-12-10 [MagFors] shaped axleend
0 !HISTORY 2026-04-27 [OrionP] Official Update 2026-04

2 24 32.5 7.1875 -2.9772 32.5 7.1875 2.9772
2 24 32.5 7.1875 2.9772 32.5 2.9772 7.1875
2 24 32.5 2.9772 7.1875 32.5 -2.9772 7.1875
2 24 32.5 -2.9772 7.1875 32.5 -7.1875 2.9772
2 24 32.5 -7.1875 2.9772 32.5 -7.1875 -2.9772
2 24 32.5 -7.1875 -2.9772 32.5 -2.9772 -7.1875
2 24 32.5 -2.9772 -7.1875 32.5 2.9772 -7.1875
2 24 32.5 2.9772 -7.1875 32.5 7.1875 -2.9772
4 16 32.5 7.1875 2.9772 32.5 7.1875 -2.9772 -32.5 7.1875 -2.9772 -32.5 7.1875 2.9772
4 16 32.5 2.9772 7.1875 32.5 7.1875 2.9772 -32.5 7.1875 2.9772 -32.5 2.9772 7.1875
4 16 32.5 -2.9772 7.1875 32.5 2.9772 7.1875 -32.5 2.9772 7.1875 -32.5 -2.9772 7.1875
4 16 32.5 -7.1875 2.9772 32.5 -2.9772 7.1875 -32.5 -2.9772 7.1875 -32.5 -7.1875 2.9772
4 16 32.5 -7.1875 -2.9772 32.5 -7.1875 2.9772 -32.5 -7.1875 2.9772 -32.5 -7.1875 -2.9772
4 16 32.5 -2.9772 -7.1875 32.5 -7.1875 -2.9772 -32.5 -7.1875 -2.9772 -32.5 -2.9772 -7.1875
4 16 32.5 2.9772 -7.1875 32.5 -2.9772 -7.1875 -32.5 -2.9772 -7.1875 -32.5 2.9772 -7.1875
4 16 32.5 7.1875 -2.9772 32.5 2.9772 -7.1875 -32.5 2.9772 -7.1875 -32.5 7.1875 -2.9772
2 24 -32.5 7.1875 -2.9772 32.5 7.1875 -2.9772
2 24 -32.5 7.1875 2.9772 32.5 7.1875 2.9772
2 24 -32.5 2.9772 7.1875 32.5 2.9772 7.1875
2 24 -32.5 -2.9772 7.1875 32.5 -2.9772 7.1875
2 24 -32.5 -7.1875 2.9772 32.5 -7.1875 2.9772
2 24 -32.5 -7.1875 -2.9772 32.5 -7.1875 -2.9772
2 24 -32.5 -2.9772 -7.1875 32.5 -2.9772 -7.1875
2 24 -32.5 2.9772 -7.1875 32.5 2.9772 -7.1875
2 24 -32.5 7.1875 -2.9772 -32.5 7.1875 2.9772
2 24 -32.5 7.1875 2.9772 -32.5 2.9772 7.1875
2 24 -32.5 2.9772 7.1875 -32.5 -2.9772 7.1875
2 24 -32.5 -2.9772 7.1875 -32.5 -7.1875 2.9772
2 24 -32.5 -7.1875 2.9772 -32.5 -7.1875 -2.9772
2 24 -32.5 -7.1875 -2.9772 -32.5 -2.9772 -7.1875
2 24 -32.5 -2.9772 -7.1875 -32.5 2.9772 -7.1875
2 24 -32.5 2.9772 -7.1875 -32.5 7.1875 -2.9772

1 16 0 0 0 1 0 0 0 .9239 .3827 0 -.3827 .9239 s\u9068s01.dat
1 16 0 0 0 1 0 0 0 .3827 .9239 0 -.9239 .3827 s\u9068s01.dat
1 16 0 0 0 1 0 0 0 -.3827 .9239 0 -.9239 -.3827 s\u9068s01.dat
1 16 0 0 0 1 0 0 0 -.9239 .3827 0 -.3827 -.9239 s\u9068s01.dat
1 16 0 0 0 1 0 0 0 -.9239 -.3827 0 .3827 -.9239 s\u9068s01.dat
1 16 0 0 0 1 0 0 0 -.3827 -.9239 0 .9239 -.3827 s\u9068s01.dat
1 16 0 0 0 1 0 0 0 .3827 -.9239 0 .9239 .3827 s\u9068s01.dat
1 16 0 0 0 1 0 0 0 .9239 -.3827 0 .3827 .9239 s\u9068s01.dat

4 16 -32.5 2.7507 6.6405 -32.5 -2.7507 6.6405 -32.5 -2.9772 7.1875 -32.5 2.9772 7.1875
4 16 -32.5 6.6405 2.7507 -32.5 2.7507 6.6405 -32.5 2.9772 7.1875 -32.5 7.1875 2.9772
4 16 -32.5 6.6405 -2.7507 -32.5 6.6405 2.7507 -32.5 7.1875 2.9772 -32.5 7.1875 -2.9772
4 16 -32.5 2.7507 -6.6405 -32.5 6.6405 -2.7507 -32.5 7.1875 -2.9772 -32.5 2.9772 -7.1875
4 16 -32.5 -2.7507 -6.6405 -32.5 2.7507 -6.6405 -32.5 2.9772 -7.1875 -32.5 -2.9772 -7.1875
4 16 -32.5 -6.6405 -2.7507 -32.5 -2.7507 -6.6405 -32.5 -2.9772 -7.1875 -32.5 -7.1875 -2.9772
4 16 -32.5 -6.6405 2.7507 -32.5 -6.6405 -2.7507 -32.5 -7.1875 -2.9772 -32.5 -7.1875 2.9772
4 16 -32.5 -2.7507 6.6405 -32.5 -6.6405 2.7507 -32.5 -7.1875 2.9772 -32.5 -2.9772 7.1875

4 16 32.5 2.9772 7.1875 32.5 -2.9772 7.1875 32.5 -2.7507 6.6405 32.5 2.7507 6.6405
4 16 32.5 7.1875 2.9772 32.5 2.9772 7.1875 32.5 2.7507 6.6405 32.5 6.6405 2.7507
4 16 32.5 7.1875 -2.9772 32.5 7.1875 2.9772 32.5 6.6405 2.7507 32.5 6.6405 -2.7507
4 16 32.5 2.9772 -7.1875 32.5 7.1875 -2.9772 32.5 6.6405 -2.7507 32.5 2.7507 -6.6405
4 16 32.5 -2.9772 -7.1875 32.5 2.9772 -7.1875 32.5 2.7507 -6.6405 32.5 -2.7507 -6.6405
4 16 32.5 -7.1875 -2.9772 32.5 -2.9772 -7.1875 32.5 -2.7507 -6.6405 32.5 -6.6405 -2.7507
4 16 32.5 -7.1875 2.9772 32.5 -7.1875 -2.9772 32.5 -6.6405 -2.7507 32.5 -6.6405 2.7507
4 16 32.5 -2.9772 7.1875 32.5 -7.1875 2.9772 32.5 -6.6405 2.7507 32.5 -2.7507 6.6405

1 16 -40 0 0 0 7.5 0 0 0 -7.1875 -7.1875 0 0 4-4cylc.dat
1 16 -40 0 0 0 -17.5 0 1 0 0 0 0 1 axlehol8.dat
1 16 -40 0 0 0 1 0 1 0 0 0 0 -1 axlehol2.dat
1 16 -40 0 0 0 1 0 1 0 0 0 0 -1 axlehol9.dat
1 16 -60 0 0 0 1 0 1 0 0 0 0 -1 axleend2.dat
1 16 40 0 0 0 -7.5 0 0 0 -7.1875 -7.1875 0 0 4-4cylo.dat
1 16 40 0 0 0 -1 0 1 0 0 0 0 1 axl5ho10.dat
1 16 40 0 0 0 -1 0 1 0 0 0 0 1 axl5hol9.dat
1 16 40 0 0 0 -1 0 1 0 0 0 0 1 axlehol2.dat
1 16 20 0 0 0 -1 0 1 0 0 0 0 1 axl5hol9.dat
1 16 20 0 0 0 -1 0 1 0 0 0 0 1 axlehol2.dat
1 16 20 0 0 0 -1 0 1 0 0 0 0 1 axl5end.dat
1 16 20 0 0 0 20 0 1 0 0 0 0 -1 axl5hol8.dat

1 16 40 0 0 0 -1 0 7.1875 0 0 0 0 7.1875 4-4ering.dat
4 16 40 5.6022 2 40 6 0 40 7.1875 0 40 6.6405 2.7507
3 16 40 6.6405 2.7507 40 5.5433 2.2961 40 5.6022 2
4 16 40 4.2427 4.2428 40 5.5433 2.2961 40 6.6405 2.7507 40 5.0823 5.0823
4 16 40 2.2961 5.5433 40 4.2427 4.2428 40 5.0823 5.0823 40 2.7507 6.6405
3 16 40 2 5.6022 40 2.2961 5.5433 40 2.7507 6.6405
4 16 40 2.7507 6.6405 40 0 7.1875 40 0 6 40 2 5.6022
4 16 40 -2 5.6022 40 0 6 40 0 7.1875 40 -2.7507 6.6405
3 16 40 -2.7507 6.6405 40 -2.2961 5.5433 40 -2 5.6022
4 16 40 -4.2428 4.2427 40 -2.2961 5.5433 40 -2.7507 6.6405 40 -5.0823 5.0823
4 16 40 -5.5432 2.2961 40 -4.2428 4.2427 40 -5.0823 5.0823 40 -6.6405 2.7507
3 16 40 -5.6021 2 40 -5.5432 2.2961 40 -6.6405 2.7507
4 16 40 -6 0 40 -5.6021 2 40 -6.6405 2.7507 40 -7.1875 0
4 16 40 -5.6022 -2 40 -6 0 40 -7.1875 0 40 -6.6405 -2.7507
3 16 40 -6.6405 -2.7507 40 -5.5433 -2.2961 40 -5.6022 -2
4 16 40 -4.2427 -4.2428 40 -5.5433 -2.2961 40 -6.6405 -2.7507 40 -5.0823 -5.0823
4 16 40 -2.2961 -5.5432 40 -4.2427 -4.2428 40 -5.0823 -5.0823 40 -2.7507 -6.6405
3 16 40 -2 -5.6021 40 -2.2961 -5.5432 40 -2.7507 -6.6405
4 16 40 0 -6 40 -2 -5.6021 40 -2.7507 -6.6405 40 0 -7.1875
4 16 40 2 -5.6022 40 0 -6 40 0 -7.1875 40 2.7507 -6.6405
3 16 40 2.7507 -6.6405 40 2.2961 -5.5433 40 2 -5.6022
4 16 40 4.2428 -4.2427 40 2.2961 -5.5433 40 2.7507 -6.6405 40 5.0823 -5.0823
4 16 40 5.5433 -2.2961 40 4.2428 -4.2427 40 5.0823 -5.0823 40 6.6405 -2.7507
4 16 40 6 0 40 5.6022 -2 40 6.6405 -2.7507 40 7.1875 0
3 16 40 5.6022 -2 40 5.5433 -2.2961 40 6.6405 -2.7507